
strategic_region={
	id=12
	name="STRATEGICREGION_12"
	provinces={
		2 8 9 11 42 46 53 59 71 73 74 75 82 85 86 92 95 106 107 131 141 153 154 156 168 170 174 188 194 202 211 217 218 228 233 262 266 278 283 297 303 317 335 344 352 355 356 357 365 388 392 416 417 420 445 484 485 487 492 494 501 506 514 528 546 557 559 576 591 594 601 605 616 626 627 640 650 652 664 666 672 675 685 687 689 692 698 700 703 716 717 725 728 730 745 751 753 755 760 765 772 782 785 793 820 822 823 831 838 844 852 869 872 891 912 914 924 927 929 935 950 959 960 996 997 998 1007 1013 1016 1019 1034 1035 1038 1045 1054 1064 1070 1076 1109 1111 1117 1121 1128 1135 1137 1139 1144 1148 1152 1161 1168 1173 1174 1191 1198 1201 1210 1223 1227 1228 1235 1236 1242 1247 1269 1307 1311 1318 1328 1344 1346 1353 1366 1367 1384 1414 1415 1418 1433 1450 1455 1470 1484 1498 1529 1541 1545 1552 1557 1561 1566 1582 1609 1612 1613 1618 1630 1638 1664 1665 1673 1680 1686 1692 1697 1698 1708 1712 1715 1739 1746 1748 1756 1758 1759 1773 1776 1795 1808 1831 1878 1882 1886 1898 1899 1905 1908 1919 1927 1934 1937 1954 1975 1981 1990 2001 2007 2043 2045 2058 2068 2073 2092 2097 2120 2134 2153 2168 2173 2182 2185 2209 2211 2230 2236 2251 2258 2284 2289 2291 2317 2337 2342 2371 2376 2378 2380 2412 2413 2422 2426 2429 2442 2446 2454 2472 2488 2515 2538 2545 2559 2583 2585 2592 2596 2609 2614 2615 2617 2620 2652 2675 2696 2700 2701 2732 2754 2755 2784 2805 2818 2857 2858 2861 2932 2938 2949 2955 2969 2999 3003 3004 3031 3033 3047 3054 3063 3099 3100 3103 3124 3131 3139 3160 3162 3165 3204 3210 3231 3238 3251 3280 3311 3318 3319 3327 3338 3343 3358 3361 3363 3368 3387 3414 3415 3425 3438 3443 3478 3507 3521 3529 3540 3560 3575 3576 3579 3618 3658 3663 3666 3673 3681 3684 3695 3699 3708 3713 3719 3737 3740 3788 3794 3813 3841 3844 3852 3862 3892 3927 3955 3957 3984 4059 4065 4068 4120 4121 4140 4156 4163 4166 4171 4174 4178 4179 4189 4193 4203 4226 4268 4304 4317 4376 4391 4402 4411 4436 4439 4450 4455 4461 4473 4475 4478 4492 4497 4547 4550 4564 4566 4576 4578 4592 4628 4649 4650 4651 4676 4717 4747 4749 4804 4808 4838 4843 4857 4881 4920 4971 4995 5019 5027 5036 5044 5048 5088 5090 5106 5118 5127 5132 5144 5156 5175 5201 5265 5302 5313 5315 5324 5325 5334 5356 5369 5385 5421 5451 5457 5458 5475 5544 5567 5636 5653 5669 5676 5695 5697 5706 5733 5783 5814 5822 5835 5839 5847 5864 5868 5878 5887 5900 5921 5941 5952 5986 5993 5995 5996 6002 6003 6007 6009 6012 6014 6017 6022 6023 6029 6032 6033 6034 6036 6038 6041 6043 6045 6049 6056 6057 6058 6060 6063 6068 6070 6072 6073 6074 6075 6078 6079 6082 6083 6085 6089 6093 6094 6095 6096 6097 6099 6100 6102 6103 6105 6107 6108 6110 6111 6112 6113 6116 6118 6119 6120 6121 6123 6127 6128 6130 6131 6132 6138 6140 6146 6156 6160 6162 6163 6164 6167 6170 6171 6172 6176 6177 6180 6181 6182 6184 6190 6191 6194 6203 6207 6213 6217 6219 6234 6237 6239 6240 6244 6246 6251 6270 6275 6277 6278 6283 6284 6291 6295 6306 6308 6311 6320 6324 6327 6329 6333 6344 6358 6368 6371 6373 6382 6390 6397 6398 6402 6408 6422 6432 6434 6438 6441 6444 6448 6452 6453 6455 6456 6461 6471 6475 6481 6484 6495 6501 6506 6509 6524 6527 6528 6532 6538 6543 6546 6553 6560 6565 6582 6583 6584 6585 6596 6597 6606 6613 6620 6621 6632 6633 9516 9518 9519 9527 9535 9536 9540 9541 9542 9543 9544 9545 9547 9549 9551 9554 9556 9557 9558 9560 9561 9562 9563 9564 9566 9568 9569 9570 9571 9572 9577 9578 9580 9582 9583 9584 9585 9586 9587 9588 9589 14549 14553 14564 14602 14631 14648 14662 14663 14678 14705 14718 14772 14777 14782 14791 14792 14801 14808 14811 14832 14841 14842 14847 14856 14864 14867 
	}
	weather={
		period={
			between={ 0.0 30.0 }
			temperature={ -30.0 -4.0 }
			no_phenomenon=0.350
			rain_light=0.050
			rain_heavy=0.000
			snow=0.500
			blizzard=0.100
			arctic_water=0.000
			mud=0.300
			sandstorm=0.000
			min_snow_level=0.000
		}
		period={
			between={ 0.1 27.1 }
			temperature={ -29.0 -2.0 }
			no_phenomenon=0.400
			rain_light=0.100
			rain_heavy=0.000
			snow=0.400
			blizzard=0.100
			arctic_water=0.000
			mud=0.300
			sandstorm=0.000
			min_snow_level=0.000
		}
		period={
			between={ 0.2 30.2 }
			temperature={ -17.0 0.0 }
			no_phenomenon=0.450
			rain_light=0.150
			rain_heavy=0.000
			snow=0.300
			blizzard=0.100
			arctic_water=0.000
			mud=0.300
			sandstorm=0.000
			min_snow_level=0.000
		}
		period={
			between={ 0.3 29.3 }
			temperature={ -12.0 6.0 }
			no_phenomenon=0.450
			rain_light=0.250
			rain_heavy=0.050
			snow=0.200
			blizzard=0.050
			arctic_water=0.000
			mud=0.300
			sandstorm=0.000
			min_snow_level=0.000
		}
		period={
			between={ 0.4 30.4 }
			temperature={ -4.0 10.0 }
			no_phenomenon=0.450
			rain_light=0.400
			rain_heavy=0.150
			snow=0.050
			blizzard=0.000
			arctic_water=0.000
			mud=0.300
			sandstorm=0.000
			min_snow_level=0.000
		}
		period={
			between={ 0.5 29.5 }
			temperature={ -1.0 15.0 }
			no_phenomenon=0.400
			rain_light=0.400
			rain_heavy=0.150
			snow=0.000
			blizzard=0.000
			arctic_water=0.000
			mud=0.300
			sandstorm=0.000
			min_snow_level=0.000
		}
		period={
			between={ 0.6 30.6 }
			temperature={ 2.0 17.0 }
			no_phenomenon=0.400
			rain_light=0.400
			rain_heavy=0.150
			snow=0.000
			blizzard=0.000
			arctic_water=0.000
			mud=0.300
			sandstorm=0.000
			min_snow_level=0.000
		}
		period={
			between={ 0.7 30.7 }
			temperature={ 1.0 15.0 }
			no_phenomenon=0.450
			rain_light=0.400
			rain_heavy=0.150
			snow=0.000
			blizzard=0.000
			arctic_water=0.000
			mud=0.300
			sandstorm=0.000
			min_snow_level=0.000
		}
		period={
			between={ 0.8 29.8 }
			temperature={ -2.0 12.0 }
			no_phenomenon=0.500
			rain_light=0.400
			rain_heavy=0.100
			snow=0.000
			blizzard=0.000
			arctic_water=0.000
			mud=0.300
			sandstorm=0.000
			min_snow_level=0.000
		}
		period={
			between={ 0.9 30.9 }
			temperature={ -9.0 7.0 }
			no_phenomenon=0.450
			rain_light=0.350
			rain_heavy=0.050
			snow=0.150
			blizzard=0.000
			arctic_water=0.000
			mud=0.300
			sandstorm=0.000
			min_snow_level=0.000
		}
		period={
			between={ 0.10 29.10 }
			temperature={ -23.0 0.0 }
			no_phenomenon=0.400
			rain_light=0.150
			rain_heavy=0.000
			snow=0.350
			blizzard=0.100
			arctic_water=0.000
			mud=0.300
			sandstorm=0.000
			min_snow_level=0.000
		}
		period={
			between={ 0.11 30.11 }
			temperature={ -29.0 -3.0 }
			no_phenomenon=0.350
			rain_light=0.050
			rain_heavy=0.000
			snow=0.500
			blizzard=0.100
			arctic_water=0.000
			mud=0.300
			sandstorm=0.000
			min_snow_level=0.000
		}
	}
}
