
strategic_region={
	id=24
	name="STRATEGICREGION_24"
	provinces={
		3 4 26 38 45 56 58 65 69 72 76 81 83 84 87 90 93 110 111 112 116 119 121 125 134 136 138 145 147 148 161 163 166 173 180 183 185 186 190 203 210 216 222 223 224 232 241 244 246 247 249 258 263 264 269 271 274 276 277 280 285 289 291 304 305 307 309 314 320 321 326 330 332 333 336 339 349 350 354 361 362 368 369 370 377 379 383 385 400 401 404 405 407 433 439 441 447 454 455 464 477 479 480 497 500 518 533 535 536 540 541 550 555 567 568 570 571 583 593 596 613 619 620 624 629 630 648 649 651 653 657 665 667 674 683 686 713 720 732 736 749 750 752 754 758 761 763 766 767 768 770 773 780 786 790 801 802 807 809 814 818 821 825 833 834 870 871 884 889 897 901 903 904 906 916 917 921 932 939 946 949 952 962 973 981 985 992 994 995 1001 1003 1005 1010 1041 1044 1051 1052 1068 1081 1084 1086 1087 1090 1093 1101 1102 1118 1123 1134 1143 1149 1153 1154 1155 1163 1176 1178 1181 1183 1184 1188 1194 1204 1211 1216 1217 1233 1234 1245 1246 1266 1294 1305 1306 1313 1314 1324 1327 1329 1339 1340 1343 1356 1361 1368 1374 1375 1386 1388 1402 1409 1411 1422 1428 1429 1436 1440 1454 1465 1468 1469 1480 1485 1489 1525 1532 1558 1572 1575 1578 1583 1604 1607 1608 1611 1614 1615 1621 1636 1639 1642 1649 1654 1660 1671 1677 1681 1690 1693 1700 1717 1744 1755 1782 1788 1794 1799 1803 1811 1819 1821 1825 1835 1863 1864 1869 1872 1873 1892 1896 1902 1903 1906 1909 1910 1911 1913 1944 1949 1950 1960 1964 1966 1974 1980 1999 2002 2005 2006 2009 2011 2023 2026 2027 2030 2035 2042 2054 2071 2095 2099 2103 2105 2116 2119 2124 2135 2137 2142 2165 2169 2172 2180 2193 2194 2201 2210 2212 2219 2249 2259 2287 2288 2295 2314 2315 2318 2322 2330 2333 2334 2336 2355 2360 2364 2365 2369 2374 2405 2421 2428 2450 2451 2453 2458 2479 2496 2502 2510 2513 2519 2532 2546 2563 2568 2571 2618 2626 2632 2634 2646 2653 2663 2703 2708 2709 2710 2717 2721 2736 2738 2739 2760 2772 2796 2800 2801 2806 2812 2822 2830 2839 2840 2847 2850 2856 2867 2876 2883 2897 2898 2902 2904 2939 2941 2947 2954 2959 2983 2991 3010 3015 3025 3034 3048 3059 3064 3122 3130 3143 3150 3158 3166 3178 3179 3196 3199 3214 3217 3218 3219 3223 3227 3228 3239 3253 3255 3270 3271 3285 3298 3309 3328 3330 3353 3401 3418 3426 3439 3450 3453 3455 3479 3481 3485 3499 3501 3517 3520 3558 3563 3564 3571 3580 3588 3589 3590 3591 3604 3605 3615 3620 3638 3646 3649 3667 3679 3730 3736 3745 3747 3777 3781 3783 3793 3795 3816 3861 3873 3878 3920 3923 3928 3941 3944 3949 3951 3963 3967 4001 4008 4009 4016 4022 4026 4040 4052 4054 4056 4066 4081 4100 4116 4117 4152 4154 4184 4190 4198 4199 4206 4238 4240 4250 4252 4255 4277 4282 4294 4303 4305 4321 4328 4388 4394 4417 4423 4428 4466 4494 4508 4517 4518 4526 4527 4542 4545 4551 4595 4608 4636 4659 4660 4689 4691 4693 4709 4710 4778 4782 4784 4826 4834 4858 4877 4908 4911 4925 4945 5012 5030 5056 5059 5116 5120 5129 5147 5169 5172 5214 5223 5226 5229 5293 5317 5348 5378 5400 5411 5418 5423 5445 5474 5483 5486 5508 5516 5526 5527 5529 5536 5553 5572 5601 5604 5621 5626 5632 5661 5664 5670 5674 5677 5715 5728 5734 5740 5751 5833 5871 5888 5908 5915 5923 5930 5933 5965 5972 5973 5974 5975 5976 5977 5978 5979 5980 5982 5983 5985 5987 5988 5989 5990 5991 5994 5997 5998 5999 6000 6001 6004 6005 6006 6008 6010 6011 6013 6015 6016 6018 6019 6020 6021 6024 6025 6026 6027 6028 6030 6031 6035 6037 6039 6040 6042 6044 6046 6047 6048 6050 6051 6052 6053 6054 6055 6059 6061 6062 6064 6065 6066 6067 6069 6071 6076 6077 6080 6081 6084 6086 6087 6088 6090 6091 6092 6098 6101 6104 6106 6109 6114 6115 6117 6122 6124 6125 6126 6129 6133 6134 6135 6136 6137 6139 6141 6142 6143 6144 6145 6147 6148 6149 6150 6151 6152 6153 6154 6155 6157 6158 6159 6161 6165 6166 6168 6169 6173 6174 6175 6178 6179 6183 6185 6186 6187 6188 6189 6192 6193 6195 6196 6197 6198 6199 6200 6202 6204 6205 6206 6208 6209 6210 6211 6215 6216 6218 6220 6221 6224 6225 6226 6227 6228 6230 6231 6232 6233 6236 6238 6241 6242 6247 6249 6250 6254 6256 6258 6260 6261 6263 6264 6266 6268 6272 6273 9494 9495 9496 9497 9498 9499 9500 9501 9502 9503 9504 9505 9506 9507 9508 9509 9510 9512 9513 9514 9515 9517 9520 9521 9522 9523 9524 9525 9526 9528 9529 9530 9531 9532 9533 9534 9537 9538 9539 9546 9548 9550 9552 9553 9555 9567 14496 14498 14499 14505 14514 14527 14528 14530 14544 14545 14548 14563 14570 14573 14577 14580 14583 14584 14594 14596 14597 14598 14599 14600 14601 14604 14630 14632 14633 14634 14635 14636 14637 14638 14639 14640 14641 14642 14643 14644 14645 14646 14647 14649 14650 14651 14652 14653 14654 14655 14656 14657 14658 14659 14660 14661 14664 14665 14666 14667 14668 14669 14670 14671 14672 14673 14674 14675 14676 14677 14679 14680 14681 14682 14683 14684 14685 14686 14687 14688 14689 14690 14691 14693 14694 14695 14696 14697 14698 14700 14701 14703 14704 14706 14708 14709 14710 14711 14713 14714 14715 14716 14721 14722 14723 14724 14725 14726 14727 14728 14729 14730 14731 14732 14733 14734 14736 14738 14740 14742 14743 14748 
	}
	weather={
		period={
			between={ 0.0 30.0 }
			temperature={ -44.0 -16.0 }
			no_phenomenon=0.500
			rain_light=0.000
			rain_heavy=0.000
			snow=0.600
			blizzard=0.400
			arctic_water=0.000
			mud=0.000
			sandstorm=0.000
			min_snow_level=0.000
		}
		period={
			between={ 0.1 27.1 }
			temperature={ -41.0 -15.0 }
			no_phenomenon=0.500
			rain_light=0.000
			rain_heavy=0.000
			snow=0.600
			blizzard=0.400
			arctic_water=0.000
			mud=0.000
			sandstorm=0.000
			min_snow_level=0.000
		}
		period={
			between={ 0.2 30.2 }
			temperature={ -34.0 -11.0 }
			no_phenomenon=0.500
			rain_light=0.250
			rain_heavy=0.100
			snow=0.300
			blizzard=0.000
			arctic_water=0.000
			mud=0.000
			sandstorm=0.000
			min_snow_level=0.000
		}
		period={
			between={ 0.3 29.3 }
			temperature={ -23.0 0.0 }
			no_phenomenon=0.500
			rain_light=0.250
			rain_heavy=0.100
			snow=0.300
			blizzard=0.000
			arctic_water=0.000
			mud=0.000
			sandstorm=0.000
			min_snow_level=0.000
		}
		period={
			between={ 0.4 30.4 }
			temperature={ -10.0 9.0 }
			no_phenomenon=0.500
			rain_light=0.250
			rain_heavy=0.100
			snow=0.300
			blizzard=0.000
			arctic_water=0.000
			mud=0.000
			sandstorm=0.000
			min_snow_level=0.000
		}
		period={
			between={ 0.5 29.5 }
			temperature={ 0.0 16.0 }
			no_phenomenon=0.500
			rain_light=0.250
			rain_heavy=0.100
			snow=0.300
			blizzard=0.000
			arctic_water=0.000
			mud=0.000
			sandstorm=0.000
			min_snow_level=0.000
		}
		period={
			between={ 0.6 30.6 }
			temperature={ 6.0 20.0 }
			no_phenomenon=0.500
			rain_light=0.250
			rain_heavy=0.100
			snow=0.300
			blizzard=0.000
			arctic_water=0.000
			mud=0.000
			sandstorm=0.000
			min_snow_level=0.000
		}
		period={
			between={ 0.7 30.7 }
			temperature={ 3.0 19.0 }
			no_phenomenon=0.500
			rain_light=0.250
			rain_heavy=0.100
			snow=0.300
			blizzard=0.000
			arctic_water=0.000
			mud=0.000
			sandstorm=0.000
			min_snow_level=0.000
		}
		period={
			between={ 0.8 29.8 }
			temperature={ -4.0 14.0 }
			no_phenomenon=0.500
			rain_light=0.250
			rain_heavy=0.100
			snow=0.300
			blizzard=0.000
			arctic_water=0.000
			mud=0.000
			sandstorm=0.000
			min_snow_level=0.000
		}
		period={
			between={ 0.9 30.9 }
			temperature={ -13.0 5.0 }
			no_phenomenon=0.500
			rain_light=0.250
			rain_heavy=0.100
			snow=0.300
			blizzard=0.000
			arctic_water=0.000
			mud=0.000
			sandstorm=0.000
			min_snow_level=0.000
		}
		period={
			between={ 0.10 29.10 }
			temperature={ -28.0 -5.0 }
			no_phenomenon=0.500
			rain_light=0.000
			rain_heavy=0.000
			snow=0.600
			blizzard=0.400
			arctic_water=0.000
			mud=0.000
			sandstorm=0.000
			min_snow_level=0.000
		}
		period={
			between={ 0.11 30.11 }
			temperature={ -41.0 -12.0 }
			no_phenomenon=0.500
			rain_light=0.000
			rain_heavy=0.000
			snow=0.600
			blizzard=0.400
			arctic_water=0.000
			mud=0.000
			sandstorm=0.000
			min_snow_level=0.000
		}
	}
}
