1 47 
1 55 
1 196 
1 214 
1 346 
1 412 
1 527 
1 654 
1 662 
1 726 
1 747 
1 826 
1 837 
1 881 
1 886 
1 890 
1 919 
1 923 
1 943 
1 984 
1 1011 
1 1124 
1 1133 
1 1141 
1 1142 
1 1179 
1 1244 
1 1297 
1 1348 
1 1395 
1 1406 
1 1417 
1 1479 
1 1511 
1 1562 
1 1597 
1 1637 
1 1645 
1 1699 
1 1820 
1 1874 
1 1887 
1 1917 
1 1920 
1 2064 
1 2109 
1 2140 
1 2141 
1 2157 
1 2159 
1 2244 
1 2276 
1 2379 
1 2391 
1 2409 
1 2471 
1 2476 
1 2520 
1 2602 
1 2621 
1 2629 
1 2651 
1 2712 
1 2783 
1 2784 
1 2807 
1 2817 
1 2818 
1 2819 
1 2823 
1 2824 
1 2827 
1 2844 
1 2868 
1 2875 
1 2884 
1 2927 
1 3058 
1 3087 
1 3095 
1 3282 
1 3288 
1 3315 
1 3317 
1 3338 
1 3370 
1 3402 
1 3408 
1 3421 
1 3449 
1 3489 
1 3562 
1 3608 
1 3641 
1 3724 
1 3782 
1 3792 
1 3843 
1 3906 
1 3948 
1 3979 
1 4036 
1 4067 
1 4079 
1 4083 
1 4106 
1 4131 
1 4176 
1 4188 
1 4291 
1 4373 
1 4528 
1 4546 
1 4711 
1 4737 
1 4740 
1 4772 
1 4938 
1 4967 
1 4988 
1 5015 
1 5019 
1 5050 
1 5125 
1 5170 
1 5188 
1 5205 
1 5220 
1 5276 
1 5299 
1 5365 
1 5384 
1 5420 
1 5436 
1 5452 
1 5484 
1 5507 
1 5522 
1 5596 
1 5808 
1 5818 
1 5824 
1 5844 
1 5891 
1 5917 
1 5938 
1 6251 
1 6420 
1 6526 
1 6550 
1 6552 
1 6572 
1 6597 
1 6636 
1 6655 
1 6677 
1 6692 
1 6715 
1 6731 
1 6741 
1 6772 
1 6785 
1 6832 
1 6836 
1 6843 
1 6880 
1 6887 
1 6934 
1 6935 
1 6949 
1 6982 
1 7032 
1 7036 
1 7045 
1 7071 
1 7079 
1 7090 
1 7109 
1 7143 
1 7147 
1 7165 
1 7202 
1 7225 
1 7227 
1 7229 
1 7233 
1 7237 
1 7258 
1 7274 
1 7277 
1 7281 
1 7286 
1 7318 
1 7336 
1 7377 
1 7383 
1 7393 
1 7452 
1 7460 
1 7528 
1 7554 
1 7556 
1 7569 
1 7586 
1 7590 
1 7630 
1 7667 
1 7678 
1 7685 
1 7687 
1 7691 
1 7718 
1 7745 
1 7749 
1 7831 
1 7840 
1 7891 
1 7918 
1 7923 
1 7986 
1 8000 
1 8001 
1 8034 
1 8041 
1 8061 
1 8117 
1 8138 
1 8160 
1 8185 
1 8195 
1 8209 
1 8246 
1 8268 
1 8280 
1 8316 
1 8354 
1 8358 
1 8359 
1 8385 
1 8410 
1 8445 
1 8560 
1 8578 
1 8691 
1 8731 
1 8836 
1 8839 
1 8882 
1 8919 
1 9042 
1 9043 
1 9085 
1 9253 
