state={
	id=116
	name="STATE_116"
		history={
		owner = MEX
		add_core_of = MEX
		buildings = {
			infrastructure = 2
		}
		victory_points = {
			8696 3
		}

	}
	provinces={
		411 1120 1600 1629 1669 1682 1750 2222 2449 2501 2506 2627 2681 2743 3435 3532 3661 3671 3707 3746 3764 3767 3803 3819 3960 4000 4365 4392 4515 4540 4677 4702 4800 4873 4928 5167 5291 5310 5322 5556 5560 5564 5739 5928 8557 8559 8568 8570 8583 8595 8612 8620 8644 8648 8678 8679 8684 8695 8696 8699 8709 8711 8717 8718 8723 14941 14943 
	}
	manpower=827826
	buildings_max_level_factor=1.000
	local_supplies=0.000
	state_category=large_town
}
