
state={
	id=125
	name="STATE_125"
	resources={
		oil=1.000
	}

	history={
		owner = CAN
		buildings = {
			infrastructure = 3
			arms_factory = 1
			industrial_complex = 1
			dockyard = 1
			air_base = 3
			6597 = {
				naval_base = 5

			}

		}
		add_core_of = CAN
		victory_points = {
			6597 30 
		}

	}

	provinces={
		42 71 85 131 153 211 317 352 388 484 528 559 605 698 725 728 785 831 852 924 950 1109 1168 1191 1210 1223 1242 1328 1366 1541 1552 1708 1795 1831 1899 1927 1975 2068 2073 2185 2284 2317 2371 2422 2429 2454 2515 2585 2652 2675 2700 2754 2949 2955 3099 3124 3165 3238 3251 3319 3358 3368 3387 3521 3666 3673 3681 3927 4059 4120 4189 4268 4402 4411 4439 4461 4475 4576 4578 4649 4747 4838 4843 5019 5127 5334 5475 5544 5567 5653 5695 5697 5706 5814 6344 6368 6371 6390 6402 6408 6422 6432 6434 6438 6441 6444 6448 6452 6453 6455 6456 6461 6471 6475 6481 6484 6495 6506 6509 6524 6527 6528 6532 6538 6543 6553 6565 6583 6584 6585 6596 6597 6606 6613 6620 6621 9580 9582 9583 9584 9585 9586 9587 9588 9589 
	}
	manpower=638165
	buildings_max_level_factor=1.000
	state_category=city
	local_supplies=0.000
}
