
state={
	id=126
	name="STATE_126"

	history={
		owner = CAN
		add_core_of = CAN
		buildings = {
			infrastructure = 1
		}
	}

	provinces={
		93 110 116 145 190 210 223 269 271 314 320 349 350 369 370 401 433 480 567 570 596 649 720 750 780 814 834 901 995 1010 1134 1149 1154 1155 1216 1245 1324 1327 1356 1402 1409 1558 1621 1639 1649 1660 1693 1700 1811 1869 1910 1974 1980 2002 2005 2011 2027 2030 2035 2071 2116 2119 2124 2180 2210 2315 2318 2360 2369 2421 2653 2772 2839 2847 2941 3228 3255 3270 3271 3309 3328 3455 3580 3736 3777 3816 3928 3944 3967 4001 4040 4054 4056 4199 4238 4240 4252 4282 4305 4423 4545 4595 4659 4778 4834 4877 5059 5116 5172 5214 5226 5293 5418 5526 5553 5604 5621 5715 5888 5965 5972 5973 5987 5991 5997 5998 5999 6001 6004 6006 6011 6021 6047 6050 6052 6059 6065 6071 6084 6087 6091 6098 6109 9494 9495 9496 9498 9500 9502 9503 9506 9507 9509 9510 9513 9515 9525 9533 9534 9537 9538 14642 14644 14649 
	}
	manpower=8201
	buildings_max_level_factor=1.000
	state_category=wasteland
	local_supplies=0.000
}
