
state={
	id=127
	name="STATE_127"

	history={
		owner = CAN
		add_core_of = CAN
		buildings = {
			infrastructure = 1
		}
	}

	provinces={
		26 58 148 161 180 185 224 274 305 330 336 447 454 455 477 533 535 583 619 683 761 770 884 889 1003 1051 1052 1087 1143 1163 1176 1181 1188 1211 1233 1313 1368 1374 1386 1468 1489 1583 1642 1744 1755 1782 1835 1906 1964 2026 2105 2135 2314 2364 2458 2479 2532 2626 2632 2801 2806 2898 2904 2939 2959 3010 3130 3166 3219 3223 3227 3239 3426 3439 3450 3453 3479 3558 3564 3571 3747 4026 4066 4116 4428 4636 4689 4693 4784 5147 5223 5378 5411 5483 5486 5536 5572 5632 6015 6019 6024 6026 6027 6035 6037 6039 6042 6044 6046 6051 6053 6064 6101 6124 6145 6151 6154 6161 6169 9514 9517 9522 9523 9524 9526 9528 9529 9532 9548 9550 9552 9553 
	}
	manpower=1
	buildings_max_level_factor=1.000
	state_category=wasteland
	local_supplies=0.000
}
