
state={
	id=13
	name="STATE_13"

	history={
		owner = CAN
		add_core_of = CAN

	}

	provinces={
		6 10 44 158 187 200 220 227 234 268 298 306 308 394 395 452 523 553 588 600 602 643 718 721 735 743 764 775 803 808 824 840 848 885 887 954 955 986 989 1062 1085 1095 1099 1131 1221 1272 1276 1289 1349 1350 1354 1369 1398 1404 1421 1460 1481 1495 1500 1533 1560 1599 1601 1617 1659 1678 1724 1767 1786 1800 1839 2052 2075 2086 2138 2197 2220 2228 2234 2243 2262 2283 2300 2357 2388 2462 2463 2474 2503 2536 2554 2588 2600 2642 2716 2737 2813 2852 2866 2997 3005 3076 3116 3152 3164 3207 3249 3290 3294 3297 3329 3340 3377 3398 3445 3494 3597 3612 3668 3942 4075 4124 4209 4223 4284 4293 4301 4337 4413 4440 4477 4633 4664 4683 4806 4861 4864 4929 4953 4978 4980 4994 5143 5164 5232 5295 5306 5459 5480 5492 5671 5736 5812 6201 6214 6222 6223 6229 6245 6248 6252 6255 6257 6262 6267 6269 6271 6280 6287 6298 6302 6303 6304 6307 6314 6317 6328 6332 6334 6338 6342 6351 6353 6354 6356 6361 6364 6365 6369 6375 6377 6384 6400 9559 9565 9573 9574 9575 9576 9581 
	}
	manpower=23912
	buildings_max_level_factor=1.000
	state_category=wasteland
	local_supplies=0.000
}
