
state={
	id=134
	name="STATE_134"

	history={
		owner = CAN
		buildings = {
			infrastructure = 1
		}
		add_core_of = CAN

	}

	provinces={
		1 108 128 215 226 243 322 408 471 486 509 515 542 647 693 704 715 875 908 961 1024 1050 1186 1189 1252 1261 1263 1274 1360 1390 1456 1522 1666 1685 1701 1771 1827 1914 1942 1989 2055 2161 2189 2207 2245 2329 2356 2406 2481 2607 2647 2671 2673 2698 2735 2877 2890 2920 2937 3040 3050 3068 3071 3087 3101 3170 3171 3175 3177 3252 3305 3320 3325 3357 3366 3384 3423 3454 3510 3531 3559 3633 3651 3677 3814 3829 3911 3976 4035 4109 4110 4204 4222 4341 4387 4603 4688 4968 5219 5307 5353 5435 5461 5509 5588 5611 5909 6383 6389 6394 6399 6412 6413 6414 6427 6445 6446 6447 6450 6454 6459 6460 6465 6468 6472 6473 6477 6480 6486 6494 6496 6504 6510 6518 6520 6534 6545 6557 6563 6566 6578 6580 6581 6588 6604 6618 6626 6635 6650 6657 6661 6667 6674 6688 6689 6696 6705 6712 
	}
	manpower=318860
	buildings_max_level_factor=1.000
	state_category=rural
	local_supplies=0.000
}
