
state={
	id=17
	name="STATE_17"

	history={
		owner = CAN
		buildings = {
			infrastructure = 1

		}
		add_core_of = CAN

	}

	provinces={
		73 74 82 106 141 344 356 420 492 494 616 626 652 666 687 760 765 772 823 914 998 1045 1121 1144 1148 1414 1609 1664 1776 1808 1882 2007 2043 2092 2134 2211 2337 2380 2559 2583 2861 2938 3103 3327 3363 3478 3529 3579 3713 3740 3862 3957 4317 4473 4592 4717 4857 4971 5201 5302 5733 5822 5839 5921 5952 6239 6246 6275 6291 6295 6308 6311 6320 6324 6327 6329 6333 6398 
	}
	manpower=72103
	buildings_max_level_factor=1.000
	state_category=pastoral
	local_supplies=0.000
}
