
state={
	id=19
	name="STATE_19"

	history={
		owner = CAN
		add_core_of = CAN
		buildings = {
			infrastructure = 1
		}
	}

	provinces={
		29 48 99 114 159 199 347 397 418 422 503 507 610 738 771 845 851 882 896 930 941 948 1060 1075 1082 1212 1380 1452 1490 1508 1513 1518 1530 1588 1593 1620 1696 1784 1797 1854 1916 2290 2296 2368 2574 2762 2777 2794 2885 2965 3771 3773 3807 3978 3986 3994 3998 4312 4879 4950 5177 5554 5582 5591 5807 5861 6285 6286 6290 6310 6316 6321 6325 6330 6339 6345 6348 6350 6374 6386 6387 6392 6395 6401 6410 6419 6478 6593 14774 
	}
	manpower=194032
	buildings_max_level_factor=1.000
	state_category=pastoral
	local_supplies=0.000
}
