
state={
	id=22
	name="STATE_22"

	resources={
		steel=8 # was: 12.000
		aluminium=9 # was: 14.000
	}

	history={
		owner = CAN
		buildings = {
			infrastructure = 3 #was: 5
			industrial_complex = 1

		}
		victory_points = {
			6636 10
		}
		add_core_of = CAN

	}

	provinces={
		19 22 28 34 40 66 70 122 139 160 189 196 213 288 294 366 384 434 448 489 532 615 662 670 682 787 792 815 832 907 1017 1179 1207 1219 1241 1243 1290 1326 1364 1420 1462 1482 1487 1505 1516 1610 1695 1745 1804 1834 1836 1853 1857 1877 1924 1945 1997 2032 2037 2079 2085 2102 2143 2146 2166 2265 2354 2404 2408 2430 2517 2534 2565 2611 2645 2669 2758 2831 2899 3006 3008 3024 3028 3093 3120 3156 3169 3272 3307 3397 3447 3551 3702 3722 3727 3750 3766 3780 3839 3854 3938 3973 4002 4095 4119 4180 4183 4197 4232 4251 4307 4324 4331 4340 4353 4372 4382 4400 4420 4503 4521 4575 4605 4648 4745 4801 4820 5053 5064 5093 5103 5122 5207 5233 5239 5292 5321 5327 5430 5462 5489 5558 5638 5663 5687 5711 5720 5827 5832 5842 5882 5922 6340 6346 6370 6388 6393 6396 6406 6417 6424 6426 6428 6429 6433 6435 6437 6443 6449 6457 6458 6463 6483 6485 6487 6497 6500 6508 6512 6513 6529 6535 6536 6537 6544 6549 6556 6561 6570 6571 6573 6577 6579 6599 6601 6603 6607 6608 6616 6623 6636 6644 6647 6648 6656 6662 6665 6666 6669 6675 6678 6686 6687 6691 6693 6700 6702 6709 6719 6726 6733 6734 6745 6750 6776 14882 
	}
	manpower=149059
	buildings_max_level_factor=1.000
	state_category=rural
	local_supplies=0.000
}
