
state={
	id=7
	name="STATE_7"

	history={
		owner = CAN
		add_core_of = CAN
		buildings = {
			infrastructure = 1
		}
	}

	provinces={
		4 45 56 76 83 84 90 136 163 173 183 203 241 244 246 247 258 264 277 280 285 289 304 309 321 326 333 354 361 377 379 385 400 439 464 479 541 550 555 568 620 624 648 651 665 667 674 686 713 732 749 752 758 766 786 802 807 818 821 833 870 871 897 903 921 952 981 992 994 1001 1005 1068 1081 1086 1102 1118 1153 1178 1183 1194 1234 1294 1305 1306 1329 1339 1343 1361 1375 1388 1411 1422 1428 1429 1440 1469 1480 1525 1572 1575 1604 1607 1614 1636 1671 1681 1788 1794 1872 1902 1909 1913 1944 1950 1960 1999 2009 2023 2042 2142 2165 2172 2201 2212 2219 2259 2287 2295 2334 2453 2496 2513 2546 2568 2571 2646 2703 2717 2721 2760 2812 2822 2840 2856 2883 2897 2902 2947 2954 2983 3015 3034 3048 3059 3064 3122 3143 3150 3179 3196 3199 3217 3285 3298 3330 3401 3481 3501 3517 3588 3589 3590 3604 3605 3615 3638 3679 3745 3795 3873 3878 3923 3941 3949 3963 4008 4009 4016 4022 4081 4117 4152 4154 4184 4190 4198 4250 4294 4303 4321 4466 4494 4508 4517 4660 4691 4709 4782 4826 4858 4908 4945 5012 5030 5129 5423 5445 5474 5516 5527 5601 5626 5728 5751 5908 5923 6016 6030 6088 6104 6106 6114 6117 6122 6125 6126 6129 6133 6135 6136 6137 6139 6142 6143 6147 6150 6152 6153 6155 6158 6159 6165 6168 6173 6175 6179 6183 6185 6186 6188 6189 6192 6193 6195 6197 6199 6200 6202 6204 6205 6206 6209 6210 6211 6215 6216 6218 6220 6225 6226 6227 6230 6249 6250 6261 6268 6272 6273 9521 9539 9546 9555 9567 14643 14645 14647 14654 
	}
	manpower=21922
	buildings_max_level_factor=1.000
	state_category=wasteland
	local_supplies=0.000
}
