
state={
	id=8
	name="STATE_8"

	history={
		owner = CAN
		add_core_of = CAN
		buildings = {
			infrastructure = 1
		}
	}

	provinces={
		3 65 72 112 119 121 134 138 186 276 291 307 332 339 383 407 441 497 593 629 630 653 657 736 763 767 768 773 825 906 917 932 962 1044 1084 1093 1123 1217 1246 1266 1436 1454 1465 1485 1532 1578 1611 1615 1677 1799 1803 1819 1821 1873 1892 1896 1903 1949 2006 2095 2099 2103 2137 2169 2193 2288 2322 2333 2365 2374 2405 2428 2502 2510 2663 2709 2739 2796 2830 2850 2876 2991 3158 3178 3218 3485 3499 3520 3563 3591 3620 3649 3781 3861 3951 4052 4206 4255 4277 4526 4710 4911 5056 5120 5169 5229 5317 5348 5670 5674 5677 5871 5915 5933 6069 6076 6077 6081 6086 6092 6115 6134 6141 6144 6148 6149 6157 6166 6174 6178 6187 6196 6198 6208 6221 6224 6228 6231 6232 6233 6236 6238 6241 6242 6247 6254 6256 6258 6260 6263 6264 6266 14639 14641 
	}
	manpower=15923
	buildings_max_level_factor=1.000
	state_category=wasteland
	local_supplies=0.000
}
