state={
	id=84
	name="STATE_84"
		history={
		owner = MEX
		add_core_of = MEX
		buildings = {
			infrastructure = 2
		}
		victory_points = {
			5565 3
		}
		victory_points = {
			747 3
		}
		victory_points = {
			8448 15
		}
		victory_points = {
			8529 5
		}
		victory_points = {
			8521 3
		}

	}
	provinces={
		345 359 367 510 614 722 747 748 804 931 1083 1322 1496 1499 1514 1574 1596 1640 1709 1764 1868 2059 2154 2302 2313 2437 2486 2523 2666 2769 2770 3002 3035 3173 3273 3352 3598 3654 3823 3916 4327 4389 4435 4582 4609 4815 4903 5203 5319 5349 5419 5565 5615 5631 5648 5804 5916 8239 8271 8300 8335 8338 8348 8350 8360 8363 8371 8381 8396 8397 8416 8434 8437 8439 8446 8448 8455 8462 8464 8467 8469 8478 8479 8484 8485 8492 8497 8499 8508 8517 8521 8524 8529 8535 8536 8545 14938 
	}
	manpower=303987
	buildings_max_level_factor=1.000
	local_supplies=0.000
	state_category = rural
}
