state={
	id=90
	name="STATE_90"
		history={
		owner = MEX
		add_core_of = MEX
		
		buildings = {
			infrastructure = 1
		}

		victory_points = {
			3095 15
		}

		victory_points = {
			8401 1
		}

		victory_points = {
			172 10
		}

		victory_points = {
			4135 5
		}

		victory_points = {
			1300 2
		}
		
		victory_points = {
			8514 3
		}

		victory_points = {
			8439 1
		}
	}
	provinces={
		103 172 230 286 301 327 353 911 987 1037 1300 1385 1503 1569 1662 1728 1881 1884 2196 2350 2397 2438 2825 2833 3095 3234 3258 3283 3367 3381 3430 3432 3717 3790 3930 4013 4038 4098 4135 4155 4266 4329 4401 4479 4524 4556 4620 4754 4765 4853 4977 5021 5072 5086 5241 5396 5514 5552 5593 5635 5702 5717 5886 8294 8322 8351 8355 8378 8382 8401 8418 8421 8425 8431 8440 8443 8444 8456 8458 8466 8475 8476 8477 8480 8481 8486 8489 8491 8493 8494 8502 8503 8504 8505 8506 8512 8513 8514 8515 8519 8522 8527 8528 8533 8538 8540 8552 
	}
	manpower=520751
	buildings_max_level_factor=1.000
	local_supplies=0.000
	state_category=rural
}
